# Wavelength(micron) (rp/rs)^2 Error_bars
1.258925411794167282e+01 1.096574722491012836e-02 1.000000000000000082e-05
1.254580400345803248e+01 1.098973558717389158e-02 1.000000000000000082e-05
1.250250385119064056e+01 1.097360565714116006e-02 1.000000000000000082e-05
1.245935314356514034e+01 1.098501603428303497e-02 1.000000000000000082e-05
1.241635136479347246e+01 1.099003322161009981e-02 1.000000000000000082e-05
1.237349800086776241e+01 1.094204474370768718e-02 1.000000000000000082e-05
1.233079253955416199e+01 1.097566604142875303e-02 1.000000000000000082e-05
1.228823447038672256e+01 1.095783151040788904e-02 1.000000000000000082e-05
1.224582328466133241e+01 1.097243226841528377e-02 1.000000000000000082e-05
1.220355847542957051e+01 1.095629655176193380e-02 1.000000000000000082e-05
1.216143953749268647e+01 1.095524725736498999e-02 1.000000000000000082e-05
1.211946596739555915e+01 1.098111360435852918e-02 1.000000000000000082e-05
1.207763726342066590e+01 1.094924745287360543e-02 1.000000000000000082e-05
1.203595292558212293e+01 1.096563321563952427e-02 1.000000000000000082e-05
1.199441245561965097e+01 1.096923730978437497e-02 1.000000000000000082e-05
1.195301535699265827e+01 1.098493006802642516e-02 1.000000000000000082e-05
1.191176113487429689e+01 1.095908192007898595e-02 1.000000000000000082e-05
1.187064929614553144e+01 1.093444465707428884e-02 1.000000000000000082e-05
1.182967934938930377e+01 1.095696600973495617e-02 1.000000000000000082e-05
1.178885080488457326e+01 1.096915431731744321e-02 1.000000000000000082e-05
1.174816317460051884e+01 1.098613206277501524e-02 1.000000000000000082e-05
1.170761597219068051e+01 1.094900567306169963e-02 1.000000000000000082e-05
1.166720871298719509e+01 1.094523871701109756e-02 1.000000000000000082e-05
1.162694091399492891e+01 1.094187831366323985e-02 1.000000000000000082e-05
1.158681209388574906e+01 1.094519673229672578e-02 1.000000000000000082e-05
1.154682177299276624e+01 1.094405137866516498e-02 1.000000000000000082e-05
1.150696947330458286e+01 1.091269575920510333e-02 1.000000000000000082e-05
1.146725471845963007e+01 1.096046657924928253e-02 1.000000000000000082e-05
1.142767703374039989e+01 1.091174337221956399e-02 1.000000000000000082e-05
1.138823594606782130e+01 1.092132357012974217e-02 1.000000000000000082e-05
1.134893098399558831e+01 1.092078527736977007e-02 1.000000000000000082e-05
1.130976167770452356e+01 1.095098570808489616e-02 1.000000000000000082e-05
1.127072755899699530e+01 1.094217590725280603e-02 1.000000000000000082e-05
1.123182816129126138e+01 1.093484187293633676e-02 1.000000000000000082e-05
1.119306301961593242e+01 1.096001420372434525e-02 1.000000000000000082e-05
1.115443167060441176e+01 1.095086172019895526e-02 1.000000000000000082e-05
1.111593365248933019e+01 1.092245202563274856e-02 1.000000000000000082e-05
1.107756850509708713e+01 1.092953785426071904e-02 1.000000000000000082e-05
1.103933576984227116e+01 1.096481209235446522e-02 1.000000000000000082e-05
1.100123498972222968e+01 1.096078604935749740e-02 1.000000000000000082e-05
1.096326570931159239e+01 1.092520641725172430e-02 1.000000000000000082e-05
1.092542747475681963e+01 1.091684624524419736e-02 1.000000000000000082e-05
1.088771983377081476e+01 1.096750394123187193e-02 1.000000000000000082e-05
1.085014233562746178e+01 1.090922928569872455e-02 1.000000000000000082e-05
1.081269453115626789e+01 1.088705091599159909e-02 1.000000000000000082e-05
1.077537597273700243e+01 1.093972979092328046e-02 1.000000000000000082e-05
1.073818621429431452e+01 1.091869853143515728e-02 1.000000000000000082e-05
1.070112481129246262e+01 1.091515843855416466e-02 1.000000000000000082e-05
1.066419132072992326e+01 1.091869072267543164e-02 1.000000000000000082e-05
1.062738530113414548e+01 1.095397177921406291e-02 1.000000000000000082e-05
1.059070631255626083e+01 1.095186745663981158e-02 1.000000000000000082e-05
1.055415391656581647e+01 1.093772191043754054e-02 1.000000000000000082e-05
1.051772767624557225e+01 1.091234911966300694e-02 1.000000000000000082e-05
1.048142715618621779e+01 1.093309169172776256e-02 1.000000000000000082e-05
1.044525192248121215e+01 1.089889565584638460e-02 1.000000000000000082e-05
1.040920154272158094e+01 1.095945834988754086e-02 1.000000000000000082e-05
1.037327558599074173e+01 1.092133337523279631e-02 1.000000000000000082e-05
1.033747362285939708e+01 1.089901905220149424e-02 1.000000000000000082e-05
1.030179522538033332e+01 1.095164031238291154e-02 1.000000000000000082e-05
1.026623996708334552e+01 1.091707605531042242e-02 1.000000000000000082e-05
1.023080742297014112e+01 1.094162597303252431e-02 1.000000000000000082e-05
1.019549716950923290e+01 1.089609893526012098e-02 1.000000000000000082e-05
1.016030878463093501e+01 1.090591807793951130e-02 1.000000000000000082e-05
1.012524184772224167e+01 1.092656435804456247e-02 1.000000000000000082e-05
1.009029593962184634e+01 1.091861340554735500e-02 1.000000000000000082e-05
1.005547064261512524e+01 1.092384375556703854e-02 1.000000000000000082e-05
1.002076554042912804e+01 1.093982823127453638e-02 1.000000000000000082e-05
9.986180218227644900e+00 1.093760925384756888e-02 1.000000000000000082e-05
9.951714262606182970e+00 1.093614428760407604e-02 1.000000000000000082e-05
9.917367261587070715e+00 1.093071629922680831e-02 1.000000000000000082e-05
9.883138804614533868e+00 1.095061919534692611e-02 1.000000000000000082e-05
9.849028482549758934e+00 1.092562451345307703e-02 1.000000000000000082e-05
9.815035887666034853e+00 1.092869878462089661e-02 1.000000000000000082e-05
9.781160613643852031e+00 1.094972266187792427e-02 1.000000000000000082e-05
9.747402255566061768e+00 1.095478755136652591e-02 1.000000000000000082e-05
9.713760409913039240e+00 1.097083448511836611e-02 1.000000000000000082e-05
9.680234674557841146e+00 1.095429960990670741e-02 1.000000000000000082e-05
9.646824648761421983e+00 1.098032184556748531e-02 1.000000000000000082e-05
9.613529933167834329e+00 1.097890614643130987e-02 1.000000000000000082e-05
9.580350129799432679e+00 1.095873155148464201e-02 1.000000000000000082e-05
9.547284842052169651e+00 1.092975830728175508e-02 1.000000000000000082e-05
9.514333674690796272e+00 1.097750170099068105e-02 1.000000000000000082e-05
9.481496233844181276e+00 1.098695598023269326e-02 1.000000000000000082e-05
9.448772127000580667e+00 1.100942561449777708e-02 1.000000000000000082e-05
9.416160963002946360e+00 1.101117127570543260e-02 1.000000000000000082e-05
9.383662352044270349e+00 1.097529479319420478e-02 1.000000000000000082e-05
9.351275905662896903e+00 1.099102937372162768e-02 1.000000000000000082e-05
9.319001236737900484e+00 1.099613556700436250e-02 1.000000000000000082e-05
9.286837959484453009e+00 1.101027532570460904e-02 1.000000000000000082e-05
9.254785689449198216e+00 1.099931157982407710e-02 1.000000000000000082e-05
9.222844043505689982e+00 1.099649767471870716e-02 1.000000000000000082e-05
9.191012639849768462e+00 1.101376819152750756e-02 1.000000000000000082e-05
9.159291097995042819e+00 1.099666658813064704e-02 1.000000000000000082e-05
9.127679038768299336e+00 1.101047171133101923e-02 1.000000000000000082e-05
9.096176084304994802e+00 1.101991058005898777e-02 1.000000000000000082e-05
9.064781858044746343e+00 1.102157776039847971e-02 1.000000000000000082e-05
9.033495984726799932e+00 1.102441442911446939e-02 1.000000000000000082e-05
9.002318090385584171e+00 1.102715252552854963e-02 1.000000000000000082e-05
8.971247802346201894e+00 1.103759445733378322e-02 1.000000000000000082e-05
8.940284749219994609e+00 1.104628169339086190e-02 1.000000000000000082e-05
8.909428560900121141e+00 1.104415260405963023e-02 1.000000000000000082e-05
8.878678868557084769e+00 1.103758276418942592e-02 1.000000000000000082e-05
8.848035304634381149e+00 1.103342883771072855e-02 1.000000000000000082e-05
8.817497502844057422e+00 1.108654252526510356e-02 1.000000000000000082e-05
8.787065098162369026e+00 1.105120774942737819e-02 1.000000000000000082e-05
8.756737726825392087e+00 1.107922581287085553e-02 1.000000000000000082e-05
8.726515026324683788e+00 1.104346909504736948e-02 1.000000000000000082e-05
8.696396635402964037e+00 1.106405098081736024e-02 1.000000000000000082e-05
8.666382194049765175e+00 1.106853003318046015e-02 1.000000000000000082e-05
8.636471343497165165e+00 1.105969304220567363e-02 1.000000000000000082e-05
8.606663726215465715e+00 1.106533025478903705e-02 1.000000000000000082e-05
8.576958985908939681e+00 1.108457133096753602e-02 1.000000000000000082e-05
8.547356767511573139e+00 1.109012666423635739e-02 1.000000000000000082e-05
8.517856717182802129e+00 1.107469852799989815e-02 1.000000000000000082e-05
8.488458482303309793e+00 1.109357674001151123e-02 1.000000000000000082e-05
8.459161711470787992e+00 1.109530137767208990e-02 1.000000000000000082e-05
8.429966054495741545e+00 1.108814534248271991e-02 1.000000000000000082e-05
8.400871162397324454e+00 1.109994610254251904e-02 1.000000000000000082e-05
8.371876687399131711e+00 1.109918577555837720e-02 1.000000000000000082e-05
8.342982282925079929e+00 1.111825087139724048e-02 1.000000000000000082e-05
8.314187603595231124e+00 1.111039579655271649e-02 1.000000000000000082e-05
8.285492305221684006e+00 1.110991660716328239e-02 1.000000000000000082e-05
8.256896044804463486e+00 1.111021752530424143e-02 1.000000000000000082e-05
8.228398480527399528e+00 1.110042011445845980e-02 1.000000000000000082e-05
8.199999271754068175e+00 1.112454238219785264e-02 1.000000000000000082e-05
8.171698079023695271e+00 1.112456688741294067e-02 1.000000000000000082e-05
8.143494564047109918e+00 1.110354357768737407e-02 1.000000000000000082e-05
8.115388389702715699e+00 1.110096823187589621e-02 1.000000000000000082e-05
8.087379220032422822e+00 1.111791640774784963e-02 1.000000000000000082e-05
8.059466720237676185e+00 1.110818301264843502e-02 1.000000000000000082e-05
8.031650556675423047e+00 1.111305838798680098e-02 1.000000000000000082e-05
8.003930396854130436e+00 1.110635435048397228e-02 1.000000000000000082e-05
7.976305909429829200e+00 1.113883348338262635e-02 1.000000000000000082e-05
7.948776764202120759e+00 1.110104324254488836e-02 1.000000000000000082e-05
7.921342632110269122e+00 1.112047233635712201e-02 1.000000000000000082e-05
7.894003185229232500e+00 1.114961300991268445e-02 1.000000000000000082e-05
7.866758096765756214e+00 1.114007899409941160e-02 1.000000000000000082e-05
7.839607041054484249e+00 1.113998769411007374e-02 1.000000000000000082e-05
7.812549693554031727e+00 1.115548906504042377e-02 1.000000000000000082e-05
7.785585730843143537e+00 1.115226132885228406e-02 1.000000000000000082e-05
7.758714830616794345e+00 1.115928777416286266e-02 1.000000000000000082e-05
7.731936671682356099e+00 1.115792183359468753e-02 1.000000000000000082e-05
7.705250933955759329e+00 1.113707063419374504e-02 1.000000000000000082e-05
7.678657298457648217e+00 1.113096474786373288e-02 1.000000000000000082e-05
7.652155447309600511e+00 1.110199659346092563e-02 1.000000000000000082e-05
7.625745063730291484e+00 1.110953870704634028e-02 1.000000000000000082e-05
7.599425832031728056e+00 1.113096399696462784e-02 1.000000000000000082e-05
7.573197437615480254e+00 1.110841325721085952e-02 1.000000000000000082e-05
7.547059566968902011e+00 1.110641183196337846e-02 1.000000000000000082e-05
7.521011907661403484e+00 1.111175830632049610e-02 1.000000000000000082e-05
7.495054148340698497e+00 1.112735495808928748e-02 1.000000000000000082e-05
7.469185978729090181e+00 1.113015028459538903e-02 1.000000000000000082e-05
7.443407089619775263e+00 1.112230644745246418e-02 1.000000000000000082e-05
7.417717172873121712e+00 1.112874252779560112e-02 1.000000000000000082e-05
7.392115921413014767e+00 1.112241395751840771e-02 1.000000000000000082e-05
7.366603029223158572e+00 1.114716941578755387e-02 1.000000000000000082e-05
7.341178191343431081e+00 1.114625135435623297e-02 1.000000000000000082e-05
7.315841103866254969e+00 1.112971063514359843e-02 1.000000000000000082e-05
7.290591463932927674e+00 1.113138838930517738e-02 1.000000000000000082e-05
7.265428969730042930e+00 1.113064291931892616e-02 1.000000000000000082e-05
7.240353320485847455e+00 1.112829315467268355e-02 1.000000000000000082e-05
7.215364216466663372e+00 1.111803032036735688e-02 1.000000000000000082e-05
7.190461358973314177e+00 1.109938538262593595e-02 1.000000000000000082e-05
7.165644450337529392e+00 1.111825937751940649e-02 1.000000000000000082e-05
7.140913193918412283e+00 1.111828373940982641e-02 1.000000000000000082e-05
7.116267294098872931e+00 1.113165564433661950e-02 1.000000000000000082e-05
7.091706456282104831e+00 1.110636295674329553e-02 1.000000000000000082e-05
7.067230386888073035e+00 1.109642567226606230e-02 1.000000000000000082e-05
7.042838793349978310e+00 1.109165757780499091e-02 1.000000000000000082e-05
7.018531384110795024e+00 1.110646304719782422e-02 1.000000000000000082e-05
6.994307868619749513e+00 1.107828890215309565e-02 1.000000000000000082e-05
6.970167957328873065e+00 1.107712137591986522e-02 1.000000000000000082e-05
6.946111361689538910e+00 1.108926796177720116e-02 1.000000000000000082e-05
6.922137794148990331e+00 1.110009133178630966e-02 1.000000000000000082e-05
6.898246968146942493e+00 1.109929690067883341e-02 1.000000000000000082e-05
6.874438598112114107e+00 1.110988729493966008e-02 1.000000000000000082e-05
6.850712399458843471e+00 1.108019928717414275e-02 1.000000000000000082e-05
6.827068088583684080e+00 1.110761787294451200e-02 1.000000000000000082e-05
6.803505382861994022e+00 1.110201065644990728e-02 1.000000000000000082e-05
6.780024000644588433e+00 1.110317346698262361e-02 1.000000000000000082e-05
6.756623661254345770e+00 1.110183106558124307e-02 1.000000000000000082e-05
6.733304084982861148e+00 1.106949343710949239e-02 1.000000000000000082e-05
6.710064993087120122e+00 1.107713407097157647e-02 1.000000000000000082e-05
6.686906107786135145e+00 1.110728467972640215e-02 1.000000000000000082e-05
6.663827152257657538e+00 1.111649185600454767e-02 1.000000000000000082e-05
6.640827850634843266e+00 1.110486299441996311e-02 1.000000000000000082e-05
6.617907928002964013e+00 1.108143601524903300e-02 1.000000000000000082e-05
6.595067110396134247e+00 1.110989483410467632e-02 1.000000000000000082e-05
6.572305124794010744e+00 1.108766050745958222e-02 1.000000000000000082e-05
6.549621699118555185e+00 1.108076797503252005e-02 1.000000000000000082e-05
6.527016562230762986e+00 1.108829606588748566e-02 1.000000000000000082e-05
6.504489443927432113e+00 1.107155895743808065e-02 1.000000000000000082e-05
6.482040074937929219e+00 1.109654748349697684e-02 1.000000000000000082e-05
6.459668186920968225e+00 1.105210251658661491e-02 1.000000000000000082e-05
6.437373512461418201e+00 1.105935480227497776e-02 1.000000000000000082e-05
6.415155785067081062e+00 1.106292423053185578e-02 1.000000000000000082e-05
6.393014739165535865e+00 1.103470756334428045e-02 1.000000000000000082e-05
6.370950110100936925e+00 1.101474935252665620e-02 1.000000000000000082e-05
6.348961634130863452e+00 1.104187524219213401e-02 1.000000000000000082e-05
6.327049048423177169e+00 1.102564829324684074e-02 1.000000000000000082e-05
6.305212091052854184e+00 1.103705366903430865e-02 1.000000000000000082e-05
6.283450500998885246e+00 1.101993169449254004e-02 1.000000000000000082e-05
6.261764018141126265e+00 1.104112703892797843e-02 1.000000000000000082e-05
6.240152383257207447e+00 1.103022393098193783e-02 1.000000000000000082e-05
6.218615338019437111e+00 1.103256938968673155e-02 1.000000000000000082e-05
6.197152624991693060e+00 1.101907191250826520e-02 1.000000000000000082e-05
6.175763987626375240e+00 1.104733826560533316e-02 1.000000000000000082e-05
6.154449170261309554e+00 1.106175877555415354e-02 1.000000000000000082e-05
6.133207918116708512e+00 1.102402346986891199e-02 1.000000000000000082e-05
6.112039977292130999e+00 1.105677996546419566e-02 1.000000000000000082e-05
6.090945094763426937e+00 1.102871812200480542e-02 1.000000000000000082e-05
6.069923018379737023e+00 1.101725893222366484e-02 1.000000000000000082e-05
6.048973496860457821e+00 1.105951435258407771e-02 1.000000000000000082e-05
6.028096279792245937e+00 1.106303081804381992e-02 1.000000000000000082e-05
6.007291117626036403e+00 1.101315446617908561e-02 1.000000000000000082e-05
5.986557761674037081e+00 1.105046022821034972e-02 1.000000000000000082e-05
5.965895964106779026e+00 1.105334197418871879e-02 1.000000000000000082e-05
5.945305477950135753e+00 1.106687687006112884e-02 1.000000000000000082e-05
5.924786057082378044e+00 1.104615500913133479e-02 1.000000000000000082e-05
5.904337456231241177e+00 1.105230334895205418e-02 1.000000000000000082e-05
5.883959430970973514e+00 1.107215514993352065e-02 1.000000000000000082e-05
5.863651737719436596e+00 1.104927698158502010e-02 1.000000000000000082e-05
5.843414133735176819e+00 1.107904670745140339e-02 1.000000000000000082e-05
5.823246377114526418e+00 1.106281293560256937e-02 1.000000000000000082e-05
5.803148226788726660e+00 1.106233799985638366e-02 1.000000000000000082e-05
5.783119442521022613e+00 1.107605876421375105e-02 1.000000000000000082e-05
5.763159784903816529e+00 1.106312167979968224e-02 1.000000000000000082e-05
5.743269015355783935e+00 1.103553674803018497e-02 1.000000000000000082e-05
5.723446896119032345e+00 1.106180470673041698e-02 1.000000000000000082e-05
5.703693190256267975e+00 1.104660040810537952e-02 1.000000000000000082e-05
5.684007661647940246e+00 1.107581241033819656e-02 1.000000000000000082e-05
5.664390074989447577e+00 1.105624163659290303e-02 1.000000000000000082e-05
5.644840195788300541e+00 1.105966880672381268e-02 1.000000000000000082e-05
5.625357790361329435e+00 1.105446379997451073e-02 1.000000000000000082e-05
5.605942625831898063e+00 1.106273400271253274e-02 1.000000000000000082e-05
5.586594470127103307e+00 1.108792018156853215e-02 1.000000000000000082e-05
5.567313091975020001e+00 1.105073348213308701e-02 1.000000000000000082e-05
5.548098260901918266e+00 1.107666491858175055e-02 1.000000000000000082e-05
5.528949747229518152e+00 1.108503866330253981e-02 1.000000000000000082e-05
5.509867322072252271e+00 1.107341525005978156e-02 1.000000000000000082e-05
5.490850757334507115e+00 1.104842866749486570e-02 1.000000000000000082e-05
5.471899825707924769e+00 1.106743293271196006e-02 1.000000000000000082e-05
5.453014300668661996e+00 1.105941055791412504e-02 1.000000000000000082e-05
5.434193956474691056e+00 1.105086598672008064e-02 1.000000000000000082e-05
5.415438568163111199e+00 1.109218280339518969e-02 1.000000000000000082e-05
5.396747911547441490e+00 1.106902490243453184e-02 1.000000000000000082e-05
5.378121763214958939e+00 1.102130463048321338e-02 1.000000000000000082e-05
5.359559900524012654e+00 1.107778769364223086e-02 1.000000000000000082e-05
5.341062101601369072e+00 1.105669735990434145e-02 1.000000000000000082e-05
5.322628145339569627e+00 1.104713887438672076e-02 1.000000000000000082e-05
5.304257811394263555e+00 1.103985091813141327e-02 1.000000000000000082e-05
5.285950880181605527e+00 1.108744781040153088e-02 1.000000000000000082e-05
5.267707132875600884e+00 1.102373944422160162e-02 1.000000000000000082e-05
5.249526351405506830e+00 1.104515576971284302e-02 1.000000000000000082e-05
5.231408318453228290e+00 1.105618332140232037e-02 1.000000000000000082e-05
5.213352817450705778e+00 1.103931360913616884e-02 1.000000000000000082e-05
5.195359632577344122e+00 1.103812222070606891e-02 1.000000000000000082e-05
5.177428548757416316e+00 1.102491321312398451e-02 1.000000000000000082e-05
5.159559351657501125e+00 1.100720162170614087e-02 1.000000000000000082e-05
5.141751827683926912e+00 1.104512846941984282e-02 1.000000000000000082e-05
5.124005763980201245e+00 1.102609063933273834e-02 1.000000000000000082e-05
5.106320948424489359e+00 1.104449486562449761e-02 1.000000000000000082e-05
5.088697169627057093e+00 1.099924439031569126e-02 1.000000000000000082e-05
5.071134216927753791e+00 1.101941713777803908e-02 1.000000000000000082e-05
5.053631880393502307e+00 1.100146611152078707e-02 1.000000000000000082e-05
5.036189950815769478e+00 1.099534556917966706e-02 1.000000000000000082e-05
5.018808219708088991e+00 1.104298246752495431e-02 1.000000000000000082e-05
5.001486479303549615e+00 1.099419140054152914e-02 1.000000000000000082e-05
4.984224522552318959e+00 1.102611974500051009e-02 1.000000000000000082e-05
4.967022143119177002e+00 1.100540204853818829e-02 1.000000000000000082e-05
4.949879135381031858e+00 1.102021439616425284e-02 1.000000000000000082e-05
4.932795294424482613e+00 1.100624730899222789e-02 1.000000000000000082e-05
4.915770416043351076e+00 1.098919273377582835e-02 1.000000000000000082e-05
4.898804296736249064e+00 1.101428147517680145e-02 1.000000000000000082e-05
4.881896733704154556e+00 1.098010783098188510e-02 1.000000000000000082e-05
4.865047524847968319e+00 1.098925926438345038e-02 1.000000000000000082e-05
4.848256468766119376e+00 1.096535355425323592e-02 1.000000000000000082e-05
4.831523364752136729e+00 1.100187910507398857e-02 1.000000000000000082e-05
4.814848012792269927e+00 1.098564415136521130e-02 1.000000000000000082e-05
4.798230213563083879e+00 1.094941867959693498e-02 1.000000000000000082e-05
4.781669768429078538e+00 1.101708240225080307e-02 1.000000000000000082e-05
4.765166479440327230e+00 1.101052752191192599e-02 1.000000000000000082e-05
4.748720149330090123e+00 1.096828503402382318e-02 1.000000000000000082e-05
4.732330581512477430e+00 1.100633125564069899e-02 1.000000000000000082e-05
4.715997580080079743e+00 1.100274511445047294e-02 1.000000000000000082e-05
4.699720949801637460e+00 1.097958060618199096e-02 1.000000000000000082e-05
4.683500496119711975e+00 1.096137348717499821e-02 1.000000000000000082e-05
4.667336025148345335e+00 1.098854897178551566e-02 1.000000000000000082e-05
4.651227343670758074e+00 1.098345293961846061e-02 1.000000000000000082e-05
4.635174259137026631e+00 1.098271720380406685e-02 1.000000000000000082e-05
4.619176579661787407e+00 1.097574547355479116e-02 1.000000000000000082e-05
4.603234114021949708e+00 1.096895141613393049e-02 1.000000000000000082e-05
4.587346671654395358e+00 1.092204844131080405e-02 1.000000000000000082e-05
4.571514062653718291e+00 1.097513602839064566e-02 1.000000000000000082e-05
4.555736097769936599e+00 1.094814241086521263e-02 1.000000000000000082e-05
4.540012588406241001e+00 1.095471204637349719e-02 1.000000000000000082e-05
4.524343346616745087e+00 1.095468858150360283e-02 1.000000000000000082e-05
4.508728185104224018e+00 1.097895085830640112e-02 1.000000000000000082e-05
4.493166917217891410e+00 1.098860462834057132e-02 1.000000000000000082e-05
4.477659356951154912e+00 1.099142464553182208e-02 1.000000000000000082e-05
4.462205318939400200e+00 1.100321814646758496e-02 1.000000000000000082e-05
4.446804618457779412e+00 1.101890428381853242e-02 1.000000000000000082e-05
4.431457071418988036e+00 1.102531110669192384e-02 1.000000000000000082e-05
4.416162494371083547e+00 1.101807268888338118e-02 1.000000000000000082e-05
4.400920704495277391e+00 1.102747769944410414e-02 1.000000000000000082e-05
4.385731519603754514e+00 1.101181612415248236e-02 1.000000000000000082e-05
4.370594758137503533e+00 1.103938532364987998e-02 1.000000000000000082e-05
4.355510239164130049e+00 1.100746858961361256e-02 1.000000000000000082e-05
4.340477782375712579e+00 1.105503802391292686e-02 1.000000000000000082e-05
4.325497208086632739e+00 1.100947471874856240e-02 1.000000000000000082e-05
4.310568337231430291e+00 1.105099513496805505e-02 1.000000000000000082e-05
4.295690991362675071e+00 1.104265379944990855e-02 1.000000000000000082e-05
4.280864992648813150e+00 1.103333012761927717e-02 1.000000000000000082e-05
4.266090163872060970e+00 1.101553660911983729e-02 1.000000000000000082e-05
4.251366328426272823e+00 1.100962080489481867e-02 1.000000000000000082e-05
4.236693310314834982e+00 1.101213837518545159e-02 1.000000000000000082e-05
4.222070934148567822e+00 1.100228666797201799e-02 1.000000000000000082e-05
4.207499025143618177e+00 1.096756771660741675e-02 1.000000000000000082e-05
4.192977409119380106e+00 1.093104575033641834e-02 1.000000000000000082e-05
4.178505912496405017e+00 1.094390134199530774e-02 1.000000000000000082e-05
4.164084362294330433e+00 1.094491823400836443e-02 1.000000000000000082e-05
4.149712586129816749e+00 1.091191136322377207e-02 1.000000000000000082e-05
4.135390412214476008e+00 1.090767105421482780e-02 1.000000000000000082e-05
4.121117669352831747e+00 1.090695783326695381e-02 1.000000000000000082e-05
4.106894186940259317e+00 1.091631845572093272e-02 1.000000000000000082e-05
4.092719794960954616e+00 1.091223175848143705e-02 1.000000000000000082e-05
4.078594323985903713e+00 1.091559432521959326e-02 1.000000000000000082e-05
4.064517605170847148e+00 1.090119120538719615e-02 1.000000000000000082e-05
4.050489470254278856e+00 1.088705648666468510e-02 1.000000000000000082e-05
4.036509751555414915e+00 1.088372638736464365e-02 1.000000000000000082e-05
4.022578281972201353e+00 1.089830017125100609e-02 1.000000000000000082e-05
4.008694894979320189e+00 1.088303445569767207e-02 1.000000000000000082e-05
3.994859424626184374e+00 1.088972240828012424e-02 1.000000000000000082e-05
3.981071705534972249e+00 1.089387346738845963e-02 1.000000000000000082e-05
3.967331572898633141e+00 1.088438482245652865e-02 1.000000000000000082e-05
3.953638862478929816e+00 1.089517900731296930e-02 1.000000000000000082e-05
3.939993410604472501e+00 1.087543178944427001e-02 1.000000000000000082e-05
3.926395054168756449e+00 1.088438799944723388e-02 1.000000000000000082e-05
3.912843630628221270e+00 1.089995370566480999e-02 1.000000000000000082e-05
3.899338978000302269e+00 1.089068337717426574e-02 1.000000000000000082e-05
3.885880934861495994e+00 1.091530034458270022e-02 1.000000000000000082e-05
3.872469340345429778e+00 1.088987641098909318e-02 1.000000000000000082e-05
3.859104034140941497e+00 1.090686598560462392e-02 1.000000000000000082e-05
3.845784856490157555e+00 1.091034821424531100e-02 1.000000000000000082e-05
3.832511648186592179e+00 1.092686395503669923e-02 1.000000000000000082e-05
3.819284250573234285e+00 1.092583623611012404e-02 1.000000000000000082e-05
3.806102505540659653e+00 1.093291735165444374e-02 1.000000000000000082e-05
3.792966255525137775e+00 1.093812134269725456e-02 1.000000000000000082e-05
3.779875343506744478e+00 1.093920460683888915e-02 1.000000000000000082e-05
3.766829613007490973e+00 1.095229988817491250e-02 1.000000000000000082e-05
3.753828908089452021e+00 1.094906548198574386e-02 1.000000000000000082e-05
3.740873073352900313e+00 1.096154672330238930e-02 1.000000000000000082e-05
3.727961953934450179e+00 1.096404597042139120e-02 1.000000000000000082e-05
3.715095395505203513e+00 1.096294731521888638e-02 1.000000000000000082e-05
3.702273244268911245e+00 1.098832870707434559e-02 1.000000000000000082e-05
3.689495346960128597e+00 1.098906285352868953e-02 1.000000000000000082e-05
3.676761550842388093e+00 1.099705541618443624e-02 1.000000000000000082e-05
3.664071703706370364e+00 1.100844548077890665e-02 1.000000000000000082e-05
3.651425653868084709e+00 1.101681448676025861e-02 1.000000000000000082e-05
3.638823250167060319e+00 1.102666762236026443e-02 1.000000000000000082e-05
3.626264341964533511e+00 1.102958682777673699e-02 1.000000000000000082e-05
3.613748779141651823e+00 1.104186617470369162e-02 1.000000000000000082e-05
3.601276412097677682e+00 1.104264727044214703e-02 1.000000000000000082e-05
3.588847091748198714e+00 1.105062065376325939e-02 1.000000000000000082e-05
3.576460669523348734e+00 1.105796402851885046e-02 1.000000000000000082e-05
3.564116997366029604e+00 1.106261131144820400e-02 1.000000000000000082e-05
3.551815927730143763e+00 1.107926422818978143e-02 1.000000000000000082e-05
3.539557313578828968e+00 1.107480572118373259e-02 1.000000000000000082e-05
3.527341008382697485e+00 1.107939889778366757e-02 1.000000000000000082e-05
3.515166866118092592e+00 1.107844055447497651e-02 1.000000000000000082e-05
3.503034741265336205e+00 1.108288705368920546e-02 1.000000000000000082e-05
3.490944488806991153e+00 1.109007588702581870e-02 1.000000000000000082e-05
3.478895964226131898e+00 1.109963939407521138e-02 1.000000000000000082e-05
3.466889023504608147e+00 1.108241560259196762e-02 1.000000000000000082e-05
3.454923523121333773e+00 1.109316158216754576e-02 1.000000000000000082e-05
3.442999320050563750e+00 1.109562445319391133e-02 1.000000000000000082e-05
3.431116271760187963e+00 1.110659470897209372e-02 1.000000000000000082e-05
3.419274236210027684e+00 1.110917020485019738e-02 1.000000000000000082e-05
3.407473071850133373e+00 1.109842979185497909e-02 1.000000000000000082e-05
3.395712637619098917e+00 1.108351259499712124e-02 1.000000000000000082e-05
3.383992792942372763e+00 1.108383854538393803e-02 1.000000000000000082e-05
3.372313397730576146e+00 1.109665794808296739e-02 1.000000000000000082e-05
3.360674312377830653e+00 1.112849044063816267e-02 1.000000000000000082e-05
3.349075397760089334e+00 1.115757973823582397e-02 1.000000000000000082e-05
3.337516515233470482e+00 1.117443088146785612e-02 1.000000000000000082e-05
3.325997526632606061e+00 1.117343063099477535e-02 1.000000000000000082e-05
3.314518294268986143e+00 1.114050325709187508e-02 1.000000000000000082e-05
3.303078680929314448e+00 1.109471238004726586e-02 1.000000000000000082e-05
3.291678549873867432e+00 1.107304377321200253e-02 1.000000000000000082e-05
3.280317764834859595e+00 1.109541348344304963e-02 1.000000000000000082e-05
3.268996190014816339e+00 1.108609756693335925e-02 1.000000000000000082e-05
3.257713690084949931e+00 1.109732021471588649e-02 1.000000000000000082e-05
3.246470130183541247e+00 1.110122948648167504e-02 1.000000000000000082e-05
3.235265375914329500e+00 1.112618999505070490e-02 1.000000000000000082e-05
3.224099293344901085e+00 1.110760929609765600e-02 1.000000000000000082e-05
3.212971749005095301e+00 1.112530987765854122e-02 1.000000000000000082e-05
3.201882609885404740e+00 1.114139471614532424e-02 1.000000000000000082e-05
3.190831743435386336e+00 1.112275213767486247e-02 1.000000000000000082e-05
3.179819017562078187e+00 1.113690182722848476e-02 1.000000000000000082e-05
3.168844300628416377e+00 1.112075137048188639e-02 1.000000000000000082e-05
3.157907461451666897e+00 1.112862284438602585e-02 1.000000000000000082e-05
3.147008369301856234e+00 1.111931940653931861e-02 1.000000000000000082e-05
3.136146893900205068e+00 1.112419211432270384e-02 1.000000000000000082e-05
3.125322905417576180e+00 1.111203609770956661e-02 1.000000000000000082e-05
3.114536274472918365e+00 1.111482693470930774e-02 1.000000000000000082e-05
3.103786872131721886e+00 1.109686066502855659e-02 1.000000000000000082e-05
3.093074569904478377e+00 1.111705267115271380e-02 1.000000000000000082e-05
3.082399239745142960e+00 1.108619039229315900e-02 1.000000000000000082e-05
3.071760754049604358e+00 1.108804412811045109e-02 1.000000000000000082e-05
3.061158985654159004e+00 1.109358508514136400e-02 1.000000000000000082e-05
3.050593807833992699e+00 1.110573275611907024e-02 1.000000000000000082e-05
3.040065094301664494e+00 1.109473786759670316e-02 1.000000000000000082e-05
3.029572719205598119e+00 1.110253771807936420e-02 1.000000000000000082e-05
3.019116557128576961e+00 1.109293887776356853e-02 1.000000000000000082e-05
3.008696483086243045e+00 1.112064254159314709e-02 1.000000000000000082e-05
2.998312372525607561e+00 1.106067777856240344e-02 1.000000000000000082e-05
2.987964101323558719e+00 1.110895144852992560e-02 1.000000000000000082e-05
2.977651545785378939e+00 1.108075149307497821e-02 1.000000000000000082e-05
2.967374582643266923e+00 1.110161928560907812e-02 1.000000000000000082e-05
2.957133089054861053e+00 1.107308354621703607e-02 1.000000000000000082e-05
2.946926942601776123e+00 1.110592523797038211e-02 1.000000000000000082e-05
2.936756021288137397e+00 1.108906691202531276e-02 1.000000000000000082e-05
2.926620203539121334e+00 1.108986973486244393e-02 1.000000000000000082e-05
2.916519368199505191e+00 1.108781663967743809e-02 1.000000000000000082e-05
2.906453394532213519e+00 1.111129464465731263e-02 1.000000000000000082e-05
2.896422162216882867e+00 1.108600353317530478e-02 1.000000000000000082e-05
2.886425551348417162e+00 1.106511905540481441e-02 1.000000000000000082e-05
2.876463442435556850e+00 1.105805778100414812e-02 1.000000000000000082e-05
2.866535716399450706e+00 1.107082114274777866e-02 1.000000000000000082e-05
2.856642254572232531e+00 1.108196708446484990e-02 1.000000000000000082e-05
2.846782938695599618e+00 1.110415882539519776e-02 1.000000000000000082e-05
2.836957650919405438e+00 1.109039066393681730e-02 1.000000000000000082e-05
2.827166273800245655e+00 1.109413630437818335e-02 1.000000000000000082e-05
2.817408690300056140e+00 1.111839492760652130e-02 1.000000000000000082e-05
2.807684783784714089e+00 1.109186769796093215e-02 1.000000000000000082e-05
2.797994438022642694e+00 1.107839880718148977e-02 1.000000000000000082e-05
2.788337537183423809e+00 1.106843449697801282e-02 1.000000000000000082e-05
2.778713965836412392e+00 1.108963198306320459e-02 1.000000000000000082e-05
2.769123608949356719e+00 1.110265407872318075e-02 1.000000000000000082e-05
2.759566351887023483e+00 1.108246891902371460e-02 1.000000000000000082e-05
2.750042080409825562e+00 1.109220893174486106e-02 1.000000000000000082e-05
2.740550680672460437e+00 1.109600445760758856e-02 1.000000000000000082e-05
2.731092039222547285e+00 1.106747507710154413e-02 1.000000000000000082e-05
2.721666042999270285e+00 1.108362999733003562e-02 1.000000000000000082e-05
2.712272579332028144e+00 1.108108107902913003e-02 1.000000000000000082e-05
2.702911535939085841e+00 1.107891012992467950e-02 1.000000000000000082e-05
2.693582800926234810e+00 1.107054388020090908e-02 1.000000000000000082e-05
2.684286262785454458e+00 1.106797708338437894e-02 1.000000000000000082e-05
2.675021810393577670e+00 1.107003971301711437e-02 1.000000000000000082e-05
2.665789333010966544e+00 1.105877067707712429e-02 1.000000000000000082e-05
2.656588720280182336e+00 1.104592404789173088e-02 1.000000000000000082e-05
2.647419862224673626e+00 1.107131390844966375e-02 1.000000000000000082e-05
2.638282649247456479e+00 1.106936703249936267e-02 1.000000000000000082e-05
2.629176972129806611e+00 1.107645181872276077e-02 1.000000000000000082e-05
2.620102722029954645e+00 1.107154959215305400e-02 1.000000000000000082e-05
2.611059790481780496e+00 1.105654704781277274e-02 1.000000000000000082e-05
2.602048069393523733e+00 1.105905037546834127e-02 1.000000000000000082e-05
2.593067451046486838e+00 1.105752451681715071e-02 1.000000000000000082e-05
2.584117828093748237e+00 1.104633587663255041e-02 1.000000000000000082e-05
2.575199093558881991e+00 1.107799219551981566e-02 1.000000000000000082e-05
2.566311140834673488e+00 1.106879083935461035e-02 1.000000000000000082e-05
2.557453863681850681e+00 1.105109731065349182e-02 1.000000000000000082e-05
2.548627156227812218e+00 1.105386378860902935e-02 1.000000000000000082e-05
2.539830912965361343e+00 1.106206655576941547e-02 1.000000000000000082e-05
2.531065028751445567e+00 1.104596155142390825e-02 1.000000000000000082e-05
2.522329398805897682e+00 1.103681887851210366e-02 1.000000000000000082e-05
2.513623918710186977e+00 1.106506703273387598e-02 1.000000000000000082e-05
2.504948484406169129e+00 1.105587171177655967e-02 1.000000000000000082e-05
2.496302992194841863e+00 1.103402334858244113e-02 1.000000000000000082e-05
2.487687338735106390e+00 1.103033842626862521e-02 1.000000000000000082e-05
2.479101421042532394e+00 1.104302814429372961e-02 1.000000000000000082e-05
2.470545136488123905e+00 1.100523077894877133e-02 1.000000000000000082e-05
2.462018382797097615e+00 1.103346484533263873e-02 1.000000000000000082e-05
2.453521058047657633e+00 1.099860900448627193e-02 1.000000000000000082e-05
2.445053060669776901e+00 1.101141323781444810e-02 1.000000000000000082e-05
2.436614289443983505e+00 1.100281104933086528e-02 1.000000000000000082e-05
2.428204643500150528e+00 1.101016396103095610e-02 1.000000000000000082e-05
2.419824022316292123e+00 1.100242346882396305e-02 1.000000000000000082e-05
2.411472325717358700e+00 1.101716861692654363e-02 1.000000000000000082e-05
2.403149453874043218e+00 1.099344985202759147e-02 1.000000000000000082e-05
2.394855307301584801e+00 1.100658060359412799e-02 1.000000000000000082e-05
2.386589786858580808e+00 1.100881773118636379e-02 1.000000000000000082e-05
2.378352793745801996e+00 1.101773395973172989e-02 1.000000000000000082e-05
2.370144229505012134e+00 1.100066692157060204e-02 1.000000000000000082e-05
2.361963996017789391e+00 1.099735878967726850e-02 1.000000000000000082e-05
2.353811995504354826e+00 1.099125844458534625e-02 1.000000000000000082e-05
2.345688130522402659e+00 1.100515336173329625e-02 1.000000000000000082e-05
2.337592303965936757e+00 1.099266004615628844e-02 1.000000000000000082e-05
2.329524419064110230e+00 1.099183240431719083e-02 1.000000000000000082e-05
2.321484379380064134e+00 1.098134130902595797e-02 1.000000000000000082e-05
2.313472088809783500e+00 1.096471419197414879e-02 1.000000000000000082e-05
2.305487451580938707e+00 1.095233626014256549e-02 1.000000000000000082e-05
2.297530372251747721e+00 1.099298368658616250e-02 1.000000000000000082e-05
2.289600755709833457e+00 1.097302480049441170e-02 1.000000000000000082e-05
2.281698507171085577e+00 1.098470360544905218e-02 1.000000000000000082e-05
2.273823532178528062e+00 1.096021506886411465e-02 1.000000000000000082e-05
2.265975736601190338e+00 1.096595354988712939e-02 1.000000000000000082e-05
2.258155026632982398e+00 1.096351604272718765e-02 1.000000000000000082e-05
2.250361308791574366e+00 1.095864697680661026e-02 1.000000000000000082e-05
2.242594489917276501e+00 1.094848521135160201e-02 1.000000000000000082e-05
2.234854477171928533e+00 1.093190931644891402e-02 1.000000000000000082e-05
2.227141178037786773e+00 1.093768455507306350e-02 1.000000000000000082e-05
2.219454500316421885e+00 1.094843854053369030e-02 1.000000000000000082e-05
2.211794352127613994e+00 1.094138334646507088e-02 1.000000000000000082e-05
2.204160641908255780e+00 1.094803712299188651e-02 1.000000000000000082e-05
2.196553278411258692e+00 1.091188615483618986e-02 1.000000000000000082e-05
2.188972170704458264e+00 1.089125972362126049e-02 1.000000000000000082e-05
2.181417228169532763e+00 1.088457969276008033e-02 1.000000000000000082e-05
2.173888360500916495e+00 1.087605685507552454e-02 1.000000000000000082e-05
2.166385477704721563e+00 1.087926446384939946e-02 1.000000000000000082e-05
2.158908490097661392e+00 1.087214750031670514e-02 1.000000000000000082e-05
2.151457308305980476e+00 1.089563899040841069e-02 1.000000000000000082e-05
2.144031843264382342e+00 1.087813901425358984e-02 1.000000000000000082e-05
2.136632006214969515e+00 1.086103992839062074e-02 1.000000000000000082e-05
2.129257708706179475e+00 1.088736099901683844e-02 1.000000000000000082e-05
2.121908862591728617e+00 1.086910004148168053e-02 1.000000000000000082e-05
2.114585380029558870e+00 1.087071708850063413e-02 1.000000000000000082e-05
2.107287173480786091e+00 1.089859106001147063e-02 1.000000000000000082e-05
2.100014155708655128e+00 1.088149141067928059e-02 1.000000000000000082e-05
2.092766239777497983e+00 1.089533236296893852e-02 1.000000000000000082e-05
2.085543339051691536e+00 1.091734992485048593e-02 1.000000000000000082e-05
2.078345367194625481e+00 1.090144368276486746e-02 1.000000000000000082e-05
2.071172238167667601e+00 1.092920725306848612e-02 1.000000000000000082e-05
2.064023866229136139e+00 1.095590622667740564e-02 1.000000000000000082e-05
2.056900165933276181e+00 1.094863016218338390e-02 1.000000000000000082e-05
2.049801052129237799e+00 1.094616893936644839e-02 1.000000000000000082e-05
2.042726439960056428e+00 1.097512685669134805e-02 1.000000000000000082e-05
2.035676244861639450e+00 1.098739694764189548e-02 1.000000000000000082e-05
2.028650382561757670e+00 1.096653111975215769e-02 1.000000000000000082e-05
2.021648769079035013e+00 1.096434141496707530e-02 1.000000000000000082e-05
2.014671320721946213e+00 1.099833842625650045e-02 1.000000000000000082e-05
2.007717954087816281e+00 1.102309905549575877e-02 1.000000000000000082e-05
2.000788586061821750e+00 1.101668743702952265e-02 1.000000000000000082e-05
1.993883133816000131e+00 1.101650477737446329e-02 1.000000000000000082e-05
1.987001514808258484e+00 1.099223904725149178e-02 1.000000000000000082e-05
1.980143646781386879e+00 1.102298177381592741e-02 1.000000000000000082e-05
1.973309447762074287e+00 1.100769768422957436e-02 1.000000000000000082e-05
1.966498836059930255e+00 1.099259650551031274e-02 1.000000000000000082e-05
1.959711730266506580e+00 1.098172936404969574e-02 1.000000000000000082e-05
1.952948049254327190e+00 1.099308218211639092e-02 1.000000000000000082e-05
1.946207712175915150e+00 1.100830057308144205e-02 1.000000000000000082e-05
1.939490638462828764e+00 1.101394296322137818e-02 1.000000000000000082e-05
1.932796747824695682e+00 1.100140657184047258e-02 1.000000000000000082e-05
1.926125960248256330e+00 1.098155483483564086e-02 1.000000000000000082e-05
1.919478195996406011e+00 1.099906621490840883e-02 1.000000000000000082e-05
1.912853375607242112e+00 1.098292870935871184e-02 1.000000000000000082e-05
1.906251419893113974e+00 1.096820148988797428e-02 1.000000000000000082e-05
1.899672249939674984e+00 1.098855174515187168e-02 1.000000000000000082e-05
1.893115787104942660e+00 1.100009993094138577e-02 1.000000000000000082e-05
1.886581953018356517e+00 1.101566047970873458e-02 1.000000000000000082e-05
1.880070669579839704e+00 1.102338967982719777e-02 1.000000000000000082e-05
1.873581858958870194e+00 1.101638933241242888e-02 1.000000000000000082e-05
1.867115443593545088e+00 1.101591226513566960e-02 1.000000000000000082e-05
1.860671346189656239e+00 1.105268922871971427e-02 1.000000000000000082e-05
1.854249489719767219e+00 1.103201805315843706e-02 1.000000000000000082e-05
1.847849797422290719e+00 1.101829643699895472e-02 1.000000000000000082e-05
1.841472192800571728e+00 1.102497423899613527e-02 1.000000000000000082e-05
1.835116599621973377e+00 1.103233479213263160e-02 1.000000000000000082e-05
1.828782941916964777e+00 1.095259250881825200e-02 1.000000000000000082e-05
1.822471143978214414e+00 1.100348611935741093e-02 1.000000000000000082e-05
1.816181130359683538e+00 1.096807552386499379e-02 1.000000000000000082e-05
1.809912825875726661e+00 1.099713370859398305e-02 1.000000000000000082e-05
1.803666155600190946e+00 1.099208567040823106e-02 1.000000000000000082e-05
1.797441044865519366e+00 1.100065186515910079e-02 1.000000000000000082e-05
1.791237419261862085e+00 1.096812132882472347e-02 1.000000000000000082e-05
1.785055204636183612e+00 1.096851032960881496e-02 1.000000000000000082e-05
1.778894327091378846e+00 1.097212766507683381e-02 1.000000000000000082e-05
1.772754712985387560e+00 1.096408001712216758e-02 1.000000000000000082e-05
1.766636288930314658e+00 1.094339794971250883e-02 1.000000000000000082e-05
1.760538981791555102e+00 1.092989942976229333e-02 1.000000000000000082e-05
1.754462718686916833e+00 1.092182262477500894e-02 1.000000000000000082e-05
1.748407426985751467e+00 1.091644616401682075e-02 1.000000000000000082e-05
1.742373034308085433e+00 1.090228546481761436e-02 1.000000000000000082e-05
1.736359468523754224e+00 1.090790044385633178e-02 1.000000000000000082e-05
1.730366657751541970e+00 1.092239982209155039e-02 1.000000000000000082e-05
1.724394530358320354e+00 1.090503762928016381e-02 1.000000000000000082e-05
1.718443014958193293e+00 1.087224867871310237e-02 1.000000000000000082e-05
1.712512040411644287e+00 1.088990670666589722e-02 1.000000000000000082e-05
1.706601535824683546e+00 1.084940895145011450e-02 1.000000000000000082e-05
1.700711430548004000e+00 1.086604414230516943e-02 1.000000000000000082e-05
1.694841654176134194e+00 1.084792432799238510e-02 1.000000000000000082e-05
1.688992136546598521e+00 1.084593236860069594e-02 1.000000000000000082e-05
1.683162807739077449e+00 1.083092026541320439e-02 1.000000000000000082e-05
1.677353598074570851e+00 1.085173200565109700e-02 1.000000000000000082e-05
1.671564438114567119e+00 1.087107889428405236e-02 1.000000000000000082e-05
1.665795258660213385e+00 1.087876961109852242e-02 1.000000000000000082e-05
1.660045990751485512e+00 1.084291782601973404e-02 1.000000000000000082e-05
1.654316565666367200e+00 1.083590727071518517e-02 1.000000000000000082e-05
1.648606914920025091e+00 1.083437754306369391e-02 1.000000000000000082e-05
1.642916970263993637e+00 1.083919211403820866e-02 1.000000000000000082e-05
1.637246663685356651e+00 1.084991493785681695e-02 1.000000000000000082e-05
1.631595927405935953e+00 1.083986976391753017e-02 1.000000000000000082e-05
1.625964693881481571e+00 1.085188229199293003e-02 1.000000000000000082e-05
1.620352895800860393e+00 1.085827819789441338e-02 1.000000000000000082e-05
1.614760466085257251e+00 1.085244048199521943e-02 1.000000000000000082e-05
1.609187337887370006e+00 1.084377084136288125e-02 1.000000000000000082e-05
1.603633444590610413e+00 1.085342017575695837e-02 1.000000000000000082e-05
1.598098719808308532e+00 1.084991893466954321e-02 1.000000000000000082e-05
1.592583097382920032e+00 1.085364664154680678e-02 1.000000000000000082e-05
1.587086511385232601e+00 1.087130649453080418e-02 1.000000000000000082e-05
1.581608896113581242e+00 1.087551027468830998e-02 1.000000000000000082e-05
1.576150186093060457e+00 1.086368110852749085e-02 1.000000000000000082e-05
1.570710316074743762e+00 1.087393611156747125e-02 1.000000000000000082e-05
1.565289221034901423e+00 1.091177111345477749e-02 1.000000000000000082e-05
1.559886836174224412e+00 1.091189000106523518e-02 1.000000000000000082e-05
1.554503096917050353e+00 1.092054264623243398e-02 1.000000000000000082e-05
1.549137938910590817e+00 1.094312834676823207e-02 1.000000000000000082e-05
1.543791298024162373e+00 1.094104268036084730e-02 1.000000000000000082e-05
1.538463110348420537e+00 1.095066444204042914e-02 1.000000000000000082e-05
1.533153312194593498e+00 1.095994782643244445e-02 1.000000000000000082e-05
1.527861840093724721e+00 1.094274437338399811e-02 1.000000000000000082e-05
1.522588630795911113e+00 1.096748261400539229e-02 1.000000000000000082e-05
1.517333621269548738e+00 1.096254176191061719e-02 1.000000000000000082e-05
1.512096748700578752e+00 1.098371876244313636e-02 1.000000000000000082e-05
1.506877950491735341e+00 1.096570728923570298e-02 1.000000000000000082e-05
1.501677164261799868e+00 1.102700018501186902e-02 1.000000000000000082e-05
1.496494327844854144e+00 1.101096386120358449e-02 1.000000000000000082e-05
1.491329379289536794e+00 1.099107017523474200e-02 1.000000000000000082e-05
1.486182256858303852e+00 1.101135032975811105e-02 1.000000000000000082e-05
1.481052899026688685e+00 1.100985749557336323e-02 1.000000000000000082e-05
1.475941244482569692e+00 1.102388408859466228e-02 1.000000000000000082e-05
1.470847232125435111e+00 1.102522677550433691e-02 1.000000000000000082e-05
1.465770801065653384e+00 1.101377531217578518e-02 1.000000000000000082e-05
1.460711890623745735e+00 1.101364365865064275e-02 1.000000000000000082e-05
1.455670440329659421e+00 1.104944051953811283e-02 1.000000000000000082e-05
1.450646389922046753e+00 1.105088846370869300e-02 1.000000000000000082e-05
1.445639679347544115e+00 1.105679516166774637e-02 1.000000000000000082e-05
1.440650248760053431e+00 1.102047662552562389e-02 1.000000000000000082e-05
1.435678038520027844e+00 1.105404003179006993e-02 1.000000000000000082e-05
1.430722989193757622e+00 1.105631229918857365e-02 1.000000000000000082e-05
1.425785041552661170e+00 1.105134829745461206e-02 1.000000000000000082e-05
1.420864136572576264e+00 1.106789524777040089e-02 1.000000000000000082e-05
1.415960215433054614e+00 1.104234628796081467e-02 1.000000000000000082e-05
1.411073219516658872e+00 1.103652585731450773e-02 1.000000000000000082e-05
1.406203090408260969e+00 1.105261663497003610e-02 1.000000000000000082e-05
1.401349769894345787e+00 1.104229480848809702e-02 1.000000000000000082e-05
1.396513199962314378e+00 1.103382299374056942e-02 1.000000000000000082e-05
1.391693322799789856e+00 1.102740604661807226e-02 1.000000000000000082e-05
1.386890080793927060e+00 1.103112574135313786e-02 1.000000000000000082e-05
1.382103416530724660e+00 1.103294360022853346e-02 1.000000000000000082e-05
1.377333272794336594e+00 1.103699068497121516e-02 1.000000000000000082e-05
1.372579592566390394e+00 1.105942743468583261e-02 1.000000000000000082e-05
1.367842319025305065e+00 1.105721312989133356e-02 1.000000000000000082e-05
1.363121395545610959e+00 1.104406210913678153e-02 1.000000000000000082e-05
1.358416765697274764e+00 1.103492503450481318e-02 1.000000000000000082e-05
1.353728373245021821e+00 1.102060574639661047e-02 1.000000000000000082e-05
1.349056162147667770e+00 1.101306284183705894e-02 1.000000000000000082e-05
1.344400076557446422e+00 1.101685265404101291e-02 1.000000000000000082e-05
1.339760060819342069e+00 1.097760589221453455e-02 1.000000000000000082e-05
1.335136059470425796e+00 1.098745994064004652e-02 1.000000000000000082e-05
1.330528017239190008e+00 1.090942741582997220e-02 1.000000000000000082e-05
1.325935879044890520e+00 1.085150243055903359e-02 1.000000000000000082e-05
1.321359589996886630e+00 1.082642345044221646e-02 1.000000000000000082e-05
1.316799095393985208e+00 1.082023643670245588e-02 1.000000000000000082e-05
1.312254340723786994e+00 1.081707943272538011e-02 1.000000000000000082e-05
1.307725271662034672e+00 1.079435045291505038e-02 1.000000000000000082e-05
1.303211834071963615e+00 1.081746686013327838e-02 1.000000000000000082e-05
1.298713974003655958e+00 1.080036661294059286e-02 1.000000000000000082e-05
1.294231637693393555e+00 1.077468273641157999e-02 1.000000000000000082e-05
1.289764771563017609e+00 1.077177262231998611e-02 1.000000000000000082e-05
1.285313322219285626e+00 1.077204856264302180e-02 1.000000000000000082e-05
1.280877236453235923e+00 1.077703737761427118e-02 1.000000000000000082e-05
1.276456461239549922e+00 1.075564279660476581e-02 1.000000000000000082e-05
1.272050943735919315e+00 1.077954803078066265e-02 1.000000000000000082e-05
1.267660631282413242e+00 1.077403494854077201e-02 1.000000000000000082e-05
1.263285471400849236e+00 1.076671947510133252e-02 1.000000000000000082e-05
1.258925411794167060e+00 1.073460388160294918e-02 1.000000000000000082e-05
1.254580400345802538e+00 1.075726668951605160e-02 1.000000000000000082e-05
1.250250385119064500e+00 1.076530293463389028e-02 1.000000000000000082e-05
1.245935314356514167e+00 1.077185256809251764e-02 1.000000000000000082e-05
1.241635136479347201e+00 1.078455851782240786e-02 1.000000000000000082e-05
1.237349800086775753e+00 1.079609010079051433e-02 1.000000000000000082e-05
1.233079253955415622e+00 1.078514967661935685e-02 1.000000000000000082e-05
1.228823447038672745e+00 1.080143737221397719e-02 1.000000000000000082e-05
1.224582328466133463e+00 1.080411652445980968e-02 1.000000000000000082e-05
1.220355847542956784e+00 1.080508874459859721e-02 1.000000000000000082e-05
1.216143953749267981e+00 1.081989759552470787e-02 1.000000000000000082e-05
1.211946596739555293e+00 1.082881101357184746e-02 1.000000000000000082e-05
1.207763726342066857e+00 1.082714529878960399e-02 1.000000000000000082e-05
1.203595292558212515e+00 1.085926236920702753e-02 1.000000000000000082e-05
1.199441245561964964e+00 1.084384321021813168e-02 1.000000000000000082e-05
1.195301535699265560e+00 1.086626680366884097e-02 1.000000000000000082e-05
1.191176113487429022e+00 1.087006295136041904e-02 1.000000000000000082e-05
1.187064929614553677e+00 1.088984382557739092e-02 1.000000000000000082e-05
1.182967934938930599e+00 1.088680542603544070e-02 1.000000000000000082e-05
1.178885080488457193e+00 1.089589564681913390e-02 1.000000000000000082e-05
1.174816317460051440e+00 1.094802805530347388e-02 1.000000000000000082e-05
1.170761597219068806e+00 1.090759338401713768e-02 1.000000000000000082e-05
1.166720871298720041e+00 1.092226720096789450e-02 1.000000000000000082e-05
1.162694091399492979e+00 1.091434590998556671e-02 1.000000000000000082e-05
1.158681209388574773e+00 1.092211354189924662e-02 1.000000000000000082e-05
1.154682177299276358e+00 1.091392786994359841e-02 1.000000000000000082e-05
1.150696947330458908e+00 1.089691371153487728e-02 1.000000000000000082e-05
1.146725471845963629e+00 1.089030194367633306e-02 1.000000000000000082e-05
1.142767703374040211e+00 1.091919324157881316e-02 1.000000000000000082e-05
1.138823594606781953e+00 1.088076545728929728e-02 1.000000000000000082e-05
1.134893098399558653e+00 1.095537793640761863e-02 1.000000000000000082e-05
1.130976167770452845e+00 1.091793786027477238e-02 1.000000000000000082e-05
1.127072755899699796e+00 1.087561595430267675e-02 1.000000000000000082e-05
1.123182816129126183e+00 1.089244851848237584e-02 1.000000000000000082e-05
1.119306301961593197e+00 1.089456626379741930e-02 1.000000000000000082e-05
1.115443167060440777e+00 1.087049755492711621e-02 1.000000000000000082e-05
1.111593365248933596e+00 1.089018566252027836e-02 1.000000000000000082e-05
1.107756850509709068e+00 1.086409282397937659e-02 1.000000000000000082e-05
1.103933576984227338e+00 1.082969794980215283e-02 1.000000000000000082e-05
1.100123498972222835e+00 1.084871128776180443e-02 1.000000000000000082e-05
1.096326570931159150e+00 1.084172852496688086e-02 1.000000000000000082e-05
1.092542747475682585e+00 1.082844145446415496e-02 1.000000000000000082e-05
1.088771983377081920e+00 1.075567563684805446e-02 1.000000000000000082e-05
1.085014233562746178e+00 1.071404163921075604e-02 1.000000000000000082e-05
1.081269453115626833e+00 1.067690468045266391e-02 1.000000000000000082e-05
1.077537597273700021e+00 1.068163086993059556e-02 1.000000000000000082e-05
1.073818621429432074e+00 1.067523804952176004e-02 1.000000000000000082e-05
1.070112481129246618e+00 1.066744308857892065e-02 1.000000000000000082e-05
1.066419132072992548e+00 1.067534704239283053e-02 1.000000000000000082e-05
1.062738530113414459e+00 1.066362471010172397e-02 1.000000000000000082e-05
1.059070631255625727e+00 1.069164604941127278e-02 1.000000000000000082e-05
1.055415391656582269e+00 1.067115056802728917e-02 1.000000000000000082e-05
1.051772767624557403e+00 1.068080406385591222e-02 1.000000000000000082e-05
1.048142715618621823e+00 1.069747114508546627e-02 1.000000000000000082e-05
1.044525192248120904e+00 1.069511073247698431e-02 1.000000000000000082e-05
1.040920154272157561e+00 1.069988127526882646e-02 1.000000000000000082e-05
1.037327558599074662e+00 1.069607548150923633e-02 1.000000000000000082e-05
1.033747362285940108e+00 1.071191503705132969e-02 1.000000000000000082e-05
1.030179522538033465e+00 1.072023520035586888e-02 1.000000000000000082e-05
1.026623996708334374e+00 1.074273276962746729e-02 1.000000000000000082e-05
1.023080742297013623e+00 1.075601433557310874e-02 1.000000000000000082e-05
1.019549716950923779e+00 1.076212440826268893e-02 1.000000000000000082e-05
1.016030878463093812e+00 1.074469448546394243e-02 1.000000000000000082e-05
1.012524184772224167e+00 1.076320364405511550e-02 1.000000000000000082e-05
1.009029593962184501e+00 1.077914860520404888e-02 1.000000000000000082e-05
1.005547064261512080e+00 1.079519470638738016e-02 1.000000000000000082e-05
1.002076554042913292e+00 1.079258755282261513e-02 1.000000000000000082e-05
9.986180218227644900e-01 1.080667248384241559e-02 1.000000000000000082e-05
9.951714262606181638e-01 1.082832190414688596e-02 1.000000000000000082e-05
9.917367261587071159e-01 1.084223550971658359e-02 1.000000000000000082e-05
9.883138804614532980e-01 1.082264846817246502e-02 1.000000000000000082e-05
9.849028482549762042e-01 1.086198745248428271e-02 1.000000000000000082e-05
9.815035887666034853e-01 1.085574986071855159e-02 1.000000000000000082e-05
9.781160613643850033e-01 1.085311091889068838e-02 1.000000000000000082e-05
9.747402255566062212e-01 1.083725949012786724e-02 1.000000000000000082e-05
9.713760409913038130e-01 1.086224831778264018e-02 1.000000000000000082e-05
9.680234674557843810e-01 1.085403668417720541e-02 1.000000000000000082e-05
9.646824648761423981e-01 1.086982683527318999e-02 1.000000000000000082e-05
9.613529933167831443e-01 1.086489527929478463e-02 1.000000000000000082e-05
9.580350129799434233e-01 1.088526932816281413e-02 1.000000000000000082e-05
9.547284842052168319e-01 1.085666674381640870e-02 1.000000000000000082e-05
9.514333674690795828e-01 1.086603799896032792e-02 1.000000000000000082e-05
9.481496233844181054e-01 1.084944974941055677e-02 1.000000000000000082e-05
9.448772127000578669e-01 1.086114851166323364e-02 1.000000000000000082e-05
9.416160963002947470e-01 1.089129948317581545e-02 1.000000000000000082e-05
9.383662352044269683e-01 1.088599149825488291e-02 1.000000000000000082e-05
9.351275905662896903e-01 1.089967275764285384e-02 1.000000000000000082e-05
9.319001236737901595e-01 1.089068762853282954e-02 1.000000000000000082e-05
9.286837959484450788e-01 1.090815824896979383e-02 1.000000000000000082e-05
9.254785689449199770e-01 1.079350581158914496e-02 1.000000000000000082e-05
9.222844043505689093e-01 1.073218499647055069e-02 1.000000000000000082e-05
9.191012639849770460e-01 1.077740833298544351e-02 1.000000000000000082e-05
9.159291097995042596e-01 1.077568041601422930e-02 1.000000000000000082e-05
9.127679038768297115e-01 1.073316802241570944e-02 1.000000000000000082e-05
9.096176084304995468e-01 1.069659932143124034e-02 1.000000000000000082e-05
9.064781858044744789e-01 1.072460785693552833e-02 1.000000000000000082e-05
9.033495984726801487e-01 1.071514755307681303e-02 1.000000000000000082e-05
9.002318090385583726e-01 1.074529261912223616e-02 1.000000000000000082e-05
8.971247802346199451e-01 1.070553546569040157e-02 1.000000000000000082e-05
8.940284749219998828e-01 1.071285584834177212e-02 1.000000000000000082e-05
8.909428560900120031e-01 1.070737672460395258e-02 1.000000000000000082e-05
8.878678868557084991e-01 1.065625020708602273e-02 1.000000000000000082e-05
8.848035304634381815e-01 1.062805108690029546e-02 1.000000000000000082e-05
8.817497502844059420e-01 1.062500338520613700e-02 1.000000000000000082e-05
8.787065098162369914e-01 1.061769788372128771e-02 1.000000000000000082e-05
8.756737726825390977e-01 1.063750034663804404e-02 1.000000000000000082e-05
8.726515026324686009e-01 1.063840946073923988e-02 1.000000000000000082e-05
8.696396635402963149e-01 1.064863764124387123e-02 1.000000000000000082e-05
8.666382194049767618e-01 1.065990903436696800e-02 1.000000000000000082e-05
8.636471343497165165e-01 1.066022522267928707e-02 1.000000000000000082e-05
8.606663726215465493e-01 1.065544769688222919e-02 1.000000000000000082e-05
8.576958985908940125e-01 1.065124793714525980e-02 1.000000000000000082e-05
8.547356767511573583e-01 1.067762506135111825e-02 1.000000000000000082e-05
8.517856717182803461e-01 1.066620419037943822e-02 1.000000000000000082e-05
8.488458482303309349e-01 1.069400627002345568e-02 1.000000000000000082e-05
8.459161711470787326e-01 1.070631334351455563e-02 1.000000000000000082e-05
8.429966054495742211e-01 1.070159881689938634e-02 1.000000000000000082e-05
8.400871162397323122e-01 1.069616322875569653e-02 1.000000000000000082e-05
8.371876687399134598e-01 1.073290789861293740e-02 1.000000000000000082e-05
8.342982282925079929e-01 1.072129352455747711e-02 1.000000000000000082e-05
8.314187603595231124e-01 1.071089999707908191e-02 1.000000000000000082e-05
8.285492305221686671e-01 1.071356564763010881e-02 1.000000000000000082e-05
8.256896044804463708e-01 1.069119457233392786e-02 1.000000000000000082e-05
8.228398480527401304e-01 1.071733077319746673e-02 1.000000000000000082e-05
8.199999271754067065e-01 1.069814431371058153e-02 1.000000000000000082e-05
8.171698079023693717e-01 1.071897263524262608e-02 1.000000000000000082e-05
8.143494564047111250e-01 1.071089373245989913e-02 1.000000000000000082e-05
8.115388389702714589e-01 1.074168489219682818e-02 1.000000000000000082e-05
8.087379220032424598e-01 1.068380345152556560e-02 1.000000000000000082e-05
8.059466720237676851e-01 1.065346573374444800e-02 1.000000000000000082e-05
8.031650556675422603e-01 1.062441452653108478e-02 1.000000000000000082e-05
8.003930396854131990e-01 1.062651615108205390e-02 1.000000000000000082e-05
7.976305909429827201e-01 1.061992171793673008e-02 1.000000000000000082e-05
7.948776764202123424e-01 1.058522360688676604e-02 1.000000000000000082e-05
7.921342632110268678e-01 1.060224940630623974e-02 1.000000000000000082e-05
7.894003185229230279e-01 1.059619937002764800e-02 1.000000000000000082e-05
7.866758096765755770e-01 1.059400358897119934e-02 1.000000000000000082e-05
7.839607041054481584e-01 1.059685277974481768e-02 1.000000000000000082e-05
7.812549693554032837e-01 1.057437042576098510e-02 1.000000000000000082e-05
7.785585730843143093e-01 1.058511610950373626e-02 1.000000000000000082e-05
7.758714830616794123e-01 1.056829371166455832e-02 1.000000000000000082e-05
7.731936671682356765e-01 1.057508938508752022e-02 1.000000000000000082e-05
7.705250933955758441e-01 1.056801460224002925e-02 1.000000000000000082e-05
7.678657298457650660e-01 1.058114285210783219e-02 1.000000000000000082e-05
7.652155447309600955e-01 1.060269231715639006e-02 1.000000000000000082e-05
7.625745063730290374e-01 1.061206353864135518e-02 1.000000000000000082e-05
7.599425832031728723e-01 1.061261816799576388e-02 1.000000000000000082e-05
7.573197437615479810e-01 1.063279664627932858e-02 1.000000000000000082e-05
7.547059566968904454e-01 1.064281715943265691e-02 1.000000000000000082e-05
7.521011907661403484e-01 1.066493860063224934e-02 1.000000000000000082e-05
7.495054148340697386e-01 1.066745739086299646e-02 1.000000000000000082e-05
7.469185978729090403e-01 1.065684912044376036e-02 1.000000000000000082e-05
7.443407089619774597e-01 1.065851724788794558e-02 1.000000000000000082e-05
7.417717172873123932e-01 1.066460736934205823e-02 1.000000000000000082e-05
7.392115921413013879e-01 1.065907654830001473e-02 1.000000000000000082e-05
7.366603029223155463e-01 1.068695324178747796e-02 1.000000000000000082e-05
7.341178191343432635e-01 1.067696630515950658e-02 1.000000000000000082e-05
7.315841103866254080e-01 1.068976972310163240e-02 1.000000000000000082e-05
7.290591463932929450e-01 1.067735443035087127e-02 1.000000000000000082e-05
7.265428969730043374e-01 1.069847452251665790e-02 1.000000000000000082e-05
7.240353320485846123e-01 1.069938747814201327e-02 1.000000000000000082e-05
7.215364216466665370e-01 1.072438884835509414e-02 1.000000000000000082e-05
7.190461358973314621e-01 1.068762050234812848e-02 1.000000000000000082e-05
7.165644450337531612e-01 1.074769334688705988e-02 1.000000000000000082e-05
7.140913193918412283e-01 1.062674615192367271e-02 1.000000000000000082e-05
7.116267294098871377e-01 1.062305527614059754e-02 1.000000000000000082e-05
7.091706456282106386e-01 1.061394023189493954e-02 1.000000000000000082e-05
7.067230386888071481e-01 1.059663836196897586e-02 1.000000000000000082e-05
7.042838793349980309e-01 1.061683232588651361e-02 1.000000000000000082e-05
7.018531384110794358e-01 1.058008246445533290e-02 1.000000000000000082e-05
6.994307868619747959e-01 1.057077346218394422e-02 1.000000000000000082e-05
6.970167957328873287e-01 1.058150155314435334e-02 1.000000000000000082e-05
6.946111361689536468e-01 1.060647135357737324e-02 1.000000000000000082e-05
6.922137794148991441e-01 1.062950892520575508e-02 1.000000000000000082e-05
6.898246968146941605e-01 1.052202212469502234e-02 1.000000000000000082e-05
6.874438598112112553e-01 1.051746652984228599e-02 1.000000000000000082e-05
6.850712399458843693e-01 1.051555446886709433e-02 1.000000000000000082e-05
6.827068088583683192e-01 1.051436275426672479e-02 1.000000000000000082e-05
6.803505382861995132e-01 1.052292857969825031e-02 1.000000000000000082e-05
6.780024000644588877e-01 1.052463541351209182e-02 1.000000000000000082e-05
6.756623661254343993e-01 1.052215240412347243e-02 1.000000000000000082e-05
6.733304084982861815e-01 1.052963026587423571e-02 1.000000000000000082e-05
6.710064993087119234e-01 1.052811236869589419e-02 1.000000000000000082e-05
6.686906107786136921e-01 1.053973844931787272e-02 1.000000000000000082e-05
6.663827152257657538e-01 1.053055812032364577e-02 1.000000000000000082e-05
6.640827850634841711e-01 1.054497443508659212e-02 1.000000000000000082e-05
6.617907928002964013e-01 1.055940190256985864e-02 1.000000000000000082e-05
6.595067110396133359e-01 1.056524439907184816e-02 1.000000000000000082e-05
6.572305124794011189e-01 1.056144699530665691e-02 1.000000000000000082e-05
6.549621699118556295e-01 1.056939937641979826e-02 1.000000000000000082e-05
6.527016562230764096e-01 1.057132274286122844e-02 1.000000000000000082e-05
6.504489443927432557e-01 1.056047794611021488e-02 1.000000000000000082e-05
6.482040074937928109e-01 1.059735664943800212e-02 1.000000000000000082e-05
6.459668186920969335e-01 1.059905909570838661e-02 1.000000000000000082e-05
6.437373512461417313e-01 1.053774846918245460e-02 1.000000000000000082e-05
6.415155785067082617e-01 1.052340720156162354e-02 1.000000000000000082e-05
6.393014739165535643e-01 1.052896114236563478e-02 1.000000000000000082e-05
6.370950110100935815e-01 1.052484005773215818e-02 1.000000000000000082e-05
6.348961634130865228e-01 1.052022474551305396e-02 1.000000000000000082e-05
6.327049048423176725e-01 1.052239449773450207e-02 1.000000000000000082e-05
6.305212091052856405e-01 1.051669915673760294e-02 1.000000000000000082e-05
6.283450500998885024e-01 1.051846229915451812e-02 1.000000000000000082e-05
6.261764018141126042e-01 1.052915415072474235e-02 1.000000000000000082e-05
6.240152383257208113e-01 1.051995146539315244e-02 1.000000000000000082e-05
6.218615338019436445e-01 1.052309585673600993e-02 1.000000000000000082e-05
6.197152624991695280e-01 1.051846219231195381e-02 1.000000000000000082e-05
6.175763987626374796e-01 1.052439127328214444e-02 1.000000000000000082e-05
6.154449170261309110e-01 1.052346519788854504e-02 1.000000000000000082e-05
6.133207918116708735e-01 1.052621556722827326e-02 1.000000000000000082e-05
6.112039977292130777e-01 1.053448714538476709e-02 1.000000000000000082e-05
6.090945094763428047e-01 1.054215675938070633e-02 1.000000000000000082e-05
6.069923018379737023e-01 1.055658047593510673e-02 1.000000000000000082e-05
6.048973496860456933e-01 1.055162750840238015e-02 1.000000000000000082e-05
6.028096279792246603e-01 1.055527799344592801e-02 1.000000000000000082e-05
6.007291117626035737e-01 1.058345317395911929e-02 1.000000000000000082e-05
5.986557761674037303e-01 1.058922550806712035e-02 1.000000000000000082e-05
5.965895964106779914e-01 1.058284726027032552e-02 1.000000000000000082e-05
5.945305477950134643e-01 1.059037955994750375e-02 1.000000000000000082e-05
5.924786057082378488e-01 1.058161991023955431e-02 1.000000000000000082e-05
5.904337456231240067e-01 1.061148291766209235e-02 1.000000000000000082e-05
5.883959430970974180e-01 1.059371725934546253e-02 1.000000000000000082e-05
5.863651737719436374e-01 1.055311153185392418e-02 1.000000000000000082e-05
5.843414133735175264e-01 1.052751021524919901e-02 1.000000000000000082e-05
5.823246377114527084e-01 1.053376761923100619e-02 1.000000000000000082e-05
5.803148226788725772e-01 1.053849460494951477e-02 1.000000000000000082e-05
5.783119442521024167e-01 1.052353763319484499e-02 1.000000000000000082e-05
5.763159784903816307e-01 1.052564469618416307e-02 1.000000000000000082e-05
5.743269015355783047e-01 1.052146374247688379e-02 1.000000000000000082e-05
5.723446896119033234e-01 1.053017425492551104e-02 1.000000000000000082e-05
5.703693190256267087e-01 1.051846455814379327e-02 1.000000000000000082e-05
5.684007661647941800e-01 1.053872706947735390e-02 1.000000000000000082e-05
5.664390074989447132e-01 1.051386056147407544e-02 1.000000000000000082e-05
5.644840195788299875e-01 1.051023803233437463e-02 1.000000000000000082e-05
5.625357790361328325e-01 1.051119361517731561e-02 1.000000000000000082e-05
5.605942625831897841e-01 1.051555191022237983e-02 1.000000000000000082e-05
5.586594470127105305e-01 1.051746046351371804e-02 1.000000000000000082e-05
5.567313091975020223e-01 1.051889464939720700e-02 1.000000000000000082e-05
5.548098260901916934e-01 1.052188062556288356e-02 1.000000000000000082e-05
5.528949747229519041e-01 1.052183485600666039e-02 1.000000000000000082e-05
5.509867322072251605e-01 1.052656369227870231e-02 1.000000000000000082e-05
5.490850757334508891e-01 1.052604826167479433e-02 1.000000000000000082e-05
5.471899825707925435e-01 1.053572935279152405e-02 1.000000000000000082e-05
5.453014300668660441e-01 1.053167589894926995e-02 1.000000000000000082e-05
5.434193956474691056e-01 1.053305062534202682e-02 1.000000000000000082e-05
5.415438568163110089e-01 1.054126473532007377e-02 1.000000000000000082e-05
5.396747911547442600e-01 1.052985579977472504e-02 1.000000000000000082e-05
5.378121763214959161e-01 1.052817750953548813e-02 1.000000000000000082e-05
5.359559900524011322e-01 1.052436465510070765e-02 1.000000000000000082e-05
5.341062101601370404e-01 1.052348375949918591e-02 1.000000000000000082e-05
5.322628145339568517e-01 1.052633653407260977e-02 1.000000000000000082e-05
5.304257811394265110e-01 1.052876091009562372e-02 1.000000000000000082e-05
5.285950880181605749e-01 1.052988857757624838e-02 1.000000000000000082e-05
5.267707132875599774e-01 1.052839487829037267e-02 1.000000000000000082e-05
5.249526351405507940e-01 1.052910994786552396e-02 1.000000000000000082e-05
5.231408318453227846e-01 1.053149003373531588e-02 1.000000000000000082e-05
5.213352817450707111e-01 1.053167842371968005e-02 1.000000000000000082e-05
5.195359632577344344e-01 1.053550894329628902e-02 1.000000000000000082e-05
5.177428548757415649e-01 1.054099537812738623e-02 1.000000000000000082e-05
5.159559351657502235e-01 1.054229363280202204e-02 1.000000000000000082e-05
5.141751827683925802e-01 1.054592644662115386e-02 1.000000000000000082e-05
5.124005763980202799e-01 1.054915327603549342e-02 1.000000000000000082e-05
5.106320948424488693e-01 1.055343834701497757e-02 1.000000000000000082e-05
5.088697169627055539e-01 1.054739346575344835e-02 1.000000000000000082e-05
5.071134216927754013e-01 1.055351720877367380e-02 1.000000000000000082e-05
5.053631880393500975e-01 1.055839707671260390e-02 1.000000000000000082e-05
5.036189950815770366e-01 1.057265079829177931e-02 1.000000000000000082e-05
5.018808219708089657e-01 1.055393184252379282e-02 1.000000000000000082e-05
5.001486479303548505e-01 1.054454020170353043e-02 1.000000000000000082e-05
4.984224522552318515e-01 1.054794804046274743e-02 1.000000000000000082e-05
4.967022143119175781e-01 1.054463531219504598e-02 1.000000000000000082e-05
4.949879135381033413e-01 1.054601996361052146e-02 1.000000000000000082e-05
4.932795294424482391e-01 1.054733358021473118e-02 1.000000000000000082e-05
4.915770416043349633e-01 1.054824133941696489e-02 1.000000000000000082e-05
4.898804296736248842e-01 1.054889091328120240e-02 1.000000000000000082e-05
4.881896733704154112e-01 1.055009390494005342e-02 1.000000000000000082e-05
4.865047524847969651e-01 1.055156424041570062e-02 1.000000000000000082e-05
4.848256468766120042e-01 1.055350265650207946e-02 1.000000000000000082e-05
4.831523364752138838e-01 1.055301847370278961e-02 1.000000000000000082e-05
4.814848012792270482e-01 1.055480276388519843e-02 1.000000000000000082e-05
4.798230213563082769e-01 1.055595640478766348e-02 1.000000000000000082e-05
4.781669768429078760e-01 1.055758970922336323e-02 1.000000000000000082e-05
4.765166479440327563e-01 1.055946109958464697e-02 1.000000000000000082e-05
4.748720149330091789e-01 1.055967333658495294e-02 1.000000000000000082e-05
4.732330581512477208e-01 1.056165703880870138e-02 1.000000000000000082e-05
4.715997580080079077e-01 1.056205856756247015e-02 1.000000000000000082e-05
4.699720949801637904e-01 1.056375192627657424e-02 1.000000000000000082e-05
4.683500496119712420e-01 1.056426875717219292e-02 1.000000000000000082e-05
4.667336025148346446e-01 1.056487269910523843e-02 1.000000000000000082e-05
4.651227343670757963e-01 1.056545959591617505e-02 1.000000000000000082e-05
4.635174259137026520e-01 1.056661804488848860e-02 1.000000000000000082e-05
4.619176579661788407e-01 1.056758842076332104e-02 1.000000000000000082e-05
4.603234114021949597e-01 1.056867561231911168e-02 1.000000000000000082e-05
4.587346671654396468e-01 1.057004434178146317e-02 1.000000000000000082e-05
4.571514062653718180e-01 1.057140696426236287e-02 1.000000000000000082e-05
4.555736097769935711e-01 1.057341154514382202e-02 1.000000000000000082e-05
4.540012588406241445e-01 1.057439003917423626e-02 1.000000000000000082e-05
4.524343346616745420e-01 1.057590377239683681e-02 1.000000000000000082e-05
4.508728185104224906e-01 1.057670258590257158e-02 1.000000000000000082e-05
4.493166917217891188e-01 1.057939185261602688e-02 1.000000000000000082e-05
4.477659356951154690e-01 1.057977596645706848e-02 1.000000000000000082e-05
4.462205318939401755e-01 1.058189957337582650e-02 1.000000000000000082e-05
4.446804618457779190e-01 1.058268975720885914e-02 1.000000000000000082e-05
4.431457071418988813e-01 1.058601064590902752e-02 1.000000000000000082e-05
4.416162494371083658e-01 1.058425343270595100e-02 1.000000000000000082e-05
4.400920704495276947e-01 1.058495078401095260e-02 1.000000000000000082e-05
4.385731519603754958e-01 1.058580390968499006e-02 1.000000000000000082e-05
4.370594758137503200e-01 1.058634986502554956e-02 1.000000000000000082e-05
4.355510239164130937e-01 1.058741207152007376e-02 1.000000000000000082e-05
4.340477782375712357e-01 1.058855540360617402e-02 1.000000000000000082e-05
4.325497208086632184e-01 1.058973907554270830e-02 1.000000000000000082e-05
4.310568337231431291e-01 1.059096327585794944e-02 1.000000000000000082e-05
4.295690991362674516e-01 1.059213238001068327e-02 1.000000000000000082e-05
4.280864992648814038e-01 1.059336227946407541e-02 1.000000000000000082e-05
4.266090163872061081e-01 1.059461430491217930e-02 1.000000000000000082e-05
4.251366328426271490e-01 1.059593886883738838e-02 1.000000000000000082e-05
4.236693310314834648e-01 1.059708018930048332e-02 1.000000000000000082e-05
4.222070934148567933e-01 1.059834709608673160e-02 1.000000000000000082e-05
4.207499025143618954e-01 1.059944890663049900e-02 1.000000000000000082e-05
4.192977409119379995e-01 1.060057387202452753e-02 1.000000000000000082e-05
4.178505912496404684e-01 1.060171053656998839e-02 1.000000000000000082e-05
4.164084362294330766e-01 1.060292944156607069e-02 1.000000000000000082e-05
4.149712586129816194e-01 1.060403466587226534e-02 1.000000000000000082e-05
4.135390412214476896e-01 1.060516143100078204e-02 1.000000000000000082e-05
4.121117669352831747e-01 1.060635271090859533e-02 1.000000000000000082e-05
4.106894186940258651e-01 1.060754424899115755e-02 1.000000000000000082e-05
4.092719794960955060e-01 1.060872585668448664e-02 1.000000000000000082e-05
4.078594323985902936e-01 1.060994240512951221e-02 1.000000000000000082e-05
4.064517605170848702e-01 1.061123907897773729e-02 1.000000000000000082e-05
4.050489470254278745e-01 1.061244875822353606e-02 1.000000000000000082e-05
4.036509751555413805e-01 1.061357667271723738e-02 1.000000000000000082e-05
4.022578281972201686e-01 1.061497262696994154e-02 1.000000000000000082e-05
4.008694894979319412e-01 1.061630551574283335e-02 1.000000000000000082e-05
3.994859424626185374e-01 1.061751591540390470e-02 1.000000000000000082e-05
3.981071705534972027e-01 1.061867511469927194e-02 1.000000000000000082e-05
